cases = [
306211,
311489,
755154,
832320,
3396517,
4634906,
7607673,
8385273,
8624110,
8969443,
10705897,
13789280,
15648489,
16997611,
17290114,
18752034,
19165082,
20347334,
22221850,
22756596,
24385348,
24833479,
27587950,
27798221,
28799325,
28925148,
30908364,
34833634,
34947844,
34972620,
38681753,
39901217,
39933208,
42721917,
44075365,
45845929,
46607160,
46747763,
46928954,
48246086,
49148585,
49324191,
50858850,
54109746,
59933137,
61896397,
62103505,
62120866,
62123647,
62823208,
64944481,
65487162,
67023845,
67652373,
68328143,
69352640,
70871791,
72161969,
72439384,
72654807,
73566854,
74663331,
74705707,
75488718,
76812692,
76961033,
77583880,
77910142,
78399834,
79593073,
81117788,
82799741,
84809963,
85080588,
86006683,
86029451,
89525183,
90236103,
90412683,
93408349,
93795926,
94971741,
95593244,
95732224,
96456627,
96633871,
96720363,
98917269,
100256691,
100604142,
100730117,
100941470,
100980325,
102772698,
103663748,
103901370,
104812740,
105007401,
105766033,
105837962,
107012627,
107361852,
107684849,
107948494,
108953795,
109814501,
110286030,
110430724,
110713232,
111025682,
111161662,
113700411,
114492214,
117244801,
118934062,
120900299,
122546316,
124291036,
124331859,
124690486,
125689889,
129013201,
129226256,
129895060,
130000735,
131273933,
132987555,
134845953,
135863760,
136698433,
137156820,
137590596,
137630475,
138090095,
141811531,
148008988,
149778348,
150199466,
150806942,
150911405,
151729253,
151969372,
152320376,
152458462,
154630273,
155874172,
156265595,
157380093,
158215884,
158440818,
160122652,
160364872,
162618506,
163000418,
163327990,
163703821,
164257914,
165136772,
167029715,
167118666,
167389661,
167821939,
168874559,
169583868,
170126216,
170255883,
170938055,
170953037,
171560204,
171959181,
172327403,
173142711,
174428270,
176965404,
177511412,
177706338,
180361118,
181384715,
182615591,
184001838,
184226734,
184337331,
184565984,
184938092,
185078700,
188837611,
190154779,
192326207,
194022714,
194234029,
194691887,
198364009,
201264604,
204547457,
206186554,
208944610,
209432887,
209848935,
210975861,
211163838,
211248456,
213185957,
217091233,
219024877,
220609761,
220618710,
220984231,
221619054,
221781532,
224518174,
225422723,
229494579,
230205454,
230923361,
230930038,
231432592,
234522330,
237337400,
238161391,
238416598,
242387230,
242494677,
243572122,
244842414,
246084964,
246196592,
246665663,
246675300,
249647999,
250006002,
252277940,
254614724,
260248466,
261461743,
261889048,
262657052,
264634585,
266322968,
267460296,
268121630,
269695589,
271112798,
271627321,
274221760,
275097633,
275378278,
275423299,
275553514,
277251462,
277284985,
279165449,
280767414,
281004428,
282083183,
283679858,
285069999,
287357895,
287782403,
288255168,
288574193,
288734789,
290491044,
291625724,
292965864,
293954309,
294180573,
294271724,
294918952,
296261627,
297638766,
299520450,
300912847,
302795555,
304382579,
304625349,
305375521,
307715980,
308137512,
308307937,
308969481,
310172561,
310398609,
310481047,
311777325,
314005330,
316553773,
316759147,
322224592,
323794006,
324375396,
326353561,
326512739,
326894214,
327658034,
328293975,
332288104,
333008690,
333278516,
333327748,
333413964,
333723469,
336652146,
337528737,
337619620,
338410070,
338972092,
340838771,
340943616,
343068132,
344569583,
345294165,
345615088,
345757846,
346115220,
346310778,
346377456,
347190308,
348173505,
351641283,
353246766,
354670641,
355872836,
355878506,
356968013,
357341428,
358432243,
364059800,
365857434,
366327144,
376132195,
376310042,
376455206,
377623173,
377916788,
379529415,
381813752,
382922372,
383403877,
384516053,
387100740,
387974948,
388219024,
388611681,
390035647,
391748300,
392984751,
393219787,
394460282,
394802322,
395862207,
397157371,
399226168,
400398773,
402456529,
402768593,
406937840,
407028537,
408646337,
409252293,
410002593,
410332197,
410802044,
410923009,
412251143,
412918289,
413054705,
413338388,
413708432,
414443906,
414456846,
415110917,
418085472,
419650888,
419988815,
420148501,
421002955,
421677992,
422010113,
422356995,
425518304,
425700802,
425993177,
426062705,
427112169,
429116243,
430915810,
431298389,
432599280,
432794620,
433190983,
435026594,
435082171,
436308333,
436361812,
436860761,
438031715,
439230522,
439858784,
440354165,
440786193,
442381073,
443632296,
444613685,
444826173,
445253239,
449523591,
449801452,
451400056,
451948137,
454175396,
454239079,
455195714,
457466717,
458923952,
460713018,
461379671,
462197583,
462595729,
463080223,
463157616,
465610305,
467053882,
468600845,
469496696,
469950833,
470915230,
472968028,
472997066,
475240679,
475745844,
476113183,
477914619,
478053888,
478340892,
479865795,
479868974,
479895768,
481236269,
481264118,
482034949,
484432842,
485214937,
485391444,
487366741,
487732442,
488117931,
489644900,
492685924,
493010987,
495535675,
495847681,
495921857,
496002193,
497039019,
497278214,
504039263,
504478655,
504890843,
505192518,
505561575,
506148129,
506773855,
506966062,
507505767,
508081179,
508258165,
509219317,
509314672,
509659873,
510460050,
512178077,
513668468,
514347277,
515148309,
516077630,
517062528,
518976161,
522741887,
522895656,
525162538,
525513317,
526095888,
527194655,
527233541,
527739369,
527973694,
528361686,
529404720,
529667627,
530885266,
530940714,
531048198,
533103436,
533553662,
533941089,
533953311,
535029726,
536345467,
537237003,
537347423,
540405567,
541057851,
542039106,
542432804,
543401869,
547061522,
549494432,
551829021,
553402117,
554560760,
554792969,
555231932,
555609705,
556468793,
557105857,
558792733,
560046327,
560687081,
561687718,
562103074,
562827068,
563644357,
564468417,
564903350,
565632760,
566073241,
566575688,
568152286,
570515134,
572264589,
572340455,
572478164,
574228050,
574604877,
576084841,
576314831,
576642022,
577785340,
578359911,
578413895,
578961221,
580191415,
580712029,
581736057,
582215318,
582631280,
583775143,
585159232,
585872335,
586332565,
586678375,
588207953,
588222361,
589379043,
590666725,
591243892,
593231004,
594440623,
596471964,
598167998,
598261111,
602845621,
604377705,
605458814,
606417521,
607021784,
607284248,
607680747,
609213482,
610067499,
610287656,
610501194,
610772468,
613252913,
613597816,
613821870,
615167515,
617252180,
617270605,
618349901,
618469040,
619249680,
619255339,
620144002,
623102886,
624024080,
624483777,
625706758,
627583527,
627838396,
629242776,
630925076,
631842634,
631991648,
632677318,
633013038,
633234283,
633718801,
635066656,
635490398,
635714957,
636356544,
638017835,
638200464,
639015755,
639995512,
640695661,
640966734,
641186517,
641228928,
642986604,
643486477,
644273762,
644692480,
644893890,
644948966,
647939351,
648641891,
648694757,
650908334,
651944800,
652341782,
652355755,
652875761,
653960194,
654069315,
657379399,
657690603,
658314850,
659273600,
659598115,
659612427,
660852152,
661359257,
662440992,
662940026,
663555074,
664160105,
665367266,
667976664,
668502108,
668741963,
668916821,
669523539,
671130340,
671468345,
672968190,
673415921,
674866669,
676900802,
679907763,
680818939,
682257123,
686997760,
687112427,
689966138,
690810179,
690944261,
691686948,
692337316,
694178482,
694236448,
694925458,
695348820,
695393418,
696914010,
699096503,
700493929,
700644156,
703070146,
703638644,
703648569,
703712893,
704462675,
705428670,
706248766,
708088836,
710626576,
711458388,
714437222,
715652268,
716459371,
716894268,
717447985,
717701475,
717893810,
718127991,
718295275,
719294338,
719604778,
721440911,
721721344,
724665382,
724809866,
726887314,
727581920,
728063058,
728604419,
728750373,
734932685,
735283656,
737600074,
738234691,
738349727,
738393887,
740369788,
741568164,
742853454,
742863292,
745685328,
746082457,
746695087,
747124022,
747515263,
747625031,
748439402,
750243255,
752415474,
752876803,
753140202,
754053251,
754246359,
754435174,
756608088,
757641439,
758478334,
759656823,
760544713,
761621198,
764848634,
767096117,
768056640,
769036486,
770907936,
771105345,
772657164,
772702548,
773635926,
776373276,
779328580,
779958856,
780429714,
780480466,
781937258,
784248654,
784551218,
784888727,
785338584,
786459983,
787067102,
789883991,
790738357,
791903896,
793300376,
793788927,
797141609,
797360669,
797682017,
797748313,
798743267,
799331279,
800362995,
800418041,
800562337,
805377128,
805449259,
805877939,
806112829,
806248070,
807171433,
810628019,
811423735,
811858629,
811872807,
812348187,
813144274,
813512048,
814323669,
814967729,
816828515,
817291488,
818621328,
818877870,
818884951,
819632228,
820331184,
823596773,
823741785,
824267648,
824342282,
827518754,
828950227,
829813710,
830396152,
831762542,
831977705,
832291230,
834936404,
835741624,
836184180,
837292277,
838818428,
839201324,
839728295,
843507186,
843821990,
846465521,
847448000,
847930810,
848118829,
848323846,
848669108,
849052831,
849670022,
851842599,
852370076,
852933629,
856154656,
856589568,
857076787,
858931501,
860011824,
860260968,
860441400,
861075392,
861510777,
861726887,
862518440,
862632486,
864991412,
865663178,
866514753,
867656279,
872415933,
874527885,
875167420,
875196562,
876140638,
880735562,
881121355,
881412225,
881440612,
881848114,
882184715,
882237139,
887720569,
888027124,
889551494,
891821885,
892268737,
892829538,
895117942,
895572296,
897152026,
897254511,
897843229,
898171258,
898191023,
899494737,
899930749,
900576857,
900591134,
900739574,
901371023,
901377278,
903508757,
906680424,
907717109,
908446718,
909404652,
913546258,
914596104,
915580084,
915985451,
916126752,
916517681,
916699096,
917008021,
922049847,
922670184,
923850245,
923876614,
925520064,
926634219,
927296609,
927672194,
929229353,
930229865,
931486041,
932044333,
932811414,
933425415,
933907593,
934739973,
934870917,
934956011,
935030589,
936214335,
938822551,
940416943,
940887364,
942994641,
943408141,
943451716,
944233129,
946927507,
947199551,
950500871,
951171326,
953701085,
956147074,
957436102,
958174320,
959452706,
959614683,
960357655,
960991331,
961374201,
961924244,
962077432,
963449270,
965140015,
965766581,
967654317,
968134268,
968337128,
969714121,
970962237,
971183007,
971907876,
972033212,
972593536,
975388468,
975988778,
976014478,
976505001,
977373188,
979486492,
980186436,
980801854,
981432595,
981450373,
982330101,
982360340,
983134450,
984240743,
984396248,
984960420,
986654093,
987159526,
987447585,
992775814,
996305121,
996361116,
998309844,
998903508,
999324458,
1001050053,
1002376488,
1003847695,
1004734575,
1006187624,
1006204370,
1007745471,
1007784734,
1009568819,
1009817857,
1010317137,
1010356043,
1012665353,
1013605951,
1014985015,
1017668994,
1020092396,
1020638245,
1020799775,
1021595414,
1022290916,
1022867386,
1023914457,
1025916139,
1027336899,
1027590517,
1030212277,
1030660026,
1030774184,
1031385455,
1031764577,
1032070313,
1032477597,
1032623622,
1032872541,
1033010155,
1034586722,
1035069239,
1035147988,
1036669856,
1037327395,
1038162449,
1043589810,
1045321173,
1045388446,
1048216731,
1050270889,
1050297000,
1051637796,
1052448154,
1054182512,
1055058931,
1056873066,
1056913712,
1058172980,
1059150294,
1060070784,
1066734042,
1066991154,
1067849720,
1067938463,
1068427493,
1069041735,
1069471290,
1071145532,
1071248168,
1071664271,
1071767211
]


for n in cases:
  if (n ^ 1337)&:
    print(n)

